4.834465560000000828e-03 0.000000000000000000e+00 1.022481999999999905e-02
4.834465560000000828e-03 0.000000000000000000e+00 -1.022481999999999905e-02
-8.575090920000000283e-03 -1.771919999999999962e-03 8.076399999999999205e-03
-8.575090920000000283e-03 1.771919999999999962e-03 -8.076399999999999205e-03
-8.575090920000000283e-03 -1.771919999999999962e-03 -8.076399999999999205e-03
-8.575090920000000283e-03 1.771919999999999962e-03 8.076399999999999205e-03
9.214860000000000065e-03 0.000000000000000000e+00 -2.663901599999999865e-04
9.214860000000000065e-03 0.000000000000000000e+00 -2.663901599999999865e-04
-6.664259999999999975e-03 -9.037779999999998731e-03 2.802149999999999929e-06
-6.664259999999999975e-03 9.037779999999998731e-03 2.802149999999999929e-06
-6.664259999999999975e-03 -9.037779999999998731e-03 2.802149999999999929e-06
-6.664259999999999975e-03 9.037779999999998731e-03 2.802149999999999929e-06
7.170331248000000324e-02 0.000000000000000000e+00 5.000630300000000750e-01
7.170331248000000324e-02 0.000000000000000000e+00 -5.000630300000000750e-01
-3.385028879999999601e-02 -6.522119999999999307e-02 3.508778200000000069e-01
-3.385028879999999601e-02 6.522119999999999307e-02 -3.508778200000000069e-01
-3.385028879999999601e-02 -6.522119999999999307e-02 -3.508778200000000069e-01
-3.385028879999999601e-02 6.522119999999999307e-02 3.508778200000000069e-01
9.901659999999999628e-02 0.000000000000000000e+00 3.187250300000000203e-01
9.901659999999999628e-02 0.000000000000000000e+00 -3.187250300000000203e-01
-1.263799999999999819e-03 -7.980310000000000181e-02 4.709584100000000495e-01
-1.263799999999999819e-03 7.980310000000000181e-02 -4.709584100000000495e-01
-1.263799999999999819e-03 -7.980310000000000181e-02 -4.709584100000000495e-01
-1.263799999999999819e-03 7.980310000000000181e-02 4.709584100000000495e-01
9.904249999999999166e-02 0.000000000000000000e+00 -7.200569999999999887e-03
9.904249999999999166e-02 0.000000000000000000e+00 7.200569999999999887e-03
1.206646800000000103e-01 0.000000000000000000e+00 -7.988669999999999799e-03
1.206646800000000103e-01 0.000000000000000000e+00 7.988669999999999799e-03
1.418105400000000127e-01 0.000000000000000000e+00 3.119099999999999867e-04
1.418105400000000127e-01 0.000000000000000000e+00 -1.191030000000000040e-03
9.884555999999999898e-02 0.000000000000000000e+00 -7.966100000000000047e-04
9.884555999999999898e-02 0.000000000000000000e+00 7.966100000000000047e-04
-9.206571600000001271e-03 9.268600000000000103e-03 4.126782000000000367e-02
-9.206571600000001271e-03 -9.268600000000000103e-03 -4.126782000000000367e-02
-9.206571600000001271e-03 9.268600000000000103e-03 -4.126782000000000367e-02
-9.206571600000001271e-03 -9.268600000000000103e-03 4.126782000000000367e-02
-9.479601600000000031e-03 1.145748999999999899e-02 7.617258000000000362e-02
-9.479601600000000031e-03 -1.145748999999999899e-02 -7.617258000000000362e-02
-9.479601600000000031e-03 1.145748999999999899e-02 -7.617258000000000362e-02
-9.479601600000000031e-03 -1.145748999999999899e-02 7.617258000000000362e-02
4.056756000000000251e-02 1.527482199999999901e-01 1.743963999999999931e-02
4.056756000000000251e-02 -1.527482199999999901e-01 -1.743963999999999931e-02
4.056756000000000251e-02 1.527482199999999901e-01 -1.743963999999999931e-02
4.056756000000000251e-02 -1.527482199999999901e-01 1.743963999999999931e-02
3.176667999999999853e-02 1.758847099999999719e-01 3.245611999999999803e-02
3.176667999999999853e-02 -1.758847099999999719e-01 -3.245611999999999803e-02
3.176667999999999853e-02 1.758847099999999719e-01 -3.245611999999999803e-02
3.176667999999999853e-02 -1.758847099999999719e-01 3.245611999999999803e-02
7.102150000000000650e-03 -1.773299999999999790e-03 6.456240000000000243e-03
7.102150000000000650e-03 1.773299999999999790e-03 -6.456240000000000243e-03
7.102150000000000650e-03 -1.773299999999999790e-03 -6.456240000000000243e-03
7.102150000000000650e-03 1.773299999999999790e-03 6.456240000000000243e-03
1.290005000000000145e-02 1.223319999999999963e-02 1.065204000000000151e-02
1.290005000000000145e-02 -1.223319999999999963e-02 -1.065204000000000151e-02
1.290005000000000145e-02 1.223319999999999963e-02 -1.065204000000000151e-02
1.290005000000000145e-02 -1.223319999999999963e-02 1.065204000000000151e-02
-3.538960000000000283e-03 -1.111043999999999921e-02 -1.467298000000000040e-02
-3.538960000000000283e-03 1.111043999999999921e-02 1.467298000000000040e-02
-3.538960000000000283e-03 -1.111043999999999921e-02 1.467298000000000040e-02
-3.538960000000000283e-03 1.111043999999999921e-02 -1.467298000000000040e-02
-1.336720000000000009e-03 2.901359999999999963e-03 5.855711999999999723e-02
-1.336720000000000009e-03 -2.901359999999999963e-03 -5.855711999999999723e-02
-1.336720000000000009e-03 2.901359999999999963e-03 -5.855711999999999723e-02
-1.336720000000000009e-03 -2.901359999999999963e-03 5.855711999999999723e-02
-1.191698999999999883e-02 7.598100000000000860e-03 4.059160000000000025e-03
-1.191698999999999883e-02 -7.598100000000000860e-03 -2.332600000000000211e-03
-1.191698999999999883e-02 7.598100000000000860e-03 -2.332600000000000211e-03
-1.043027000000000017e-02 -1.008995000000000031e-02 4.803960000000000348e-03
-2.108055000000000345e-02 -5.643950000000000876e-03 1.775814000000000212e-02
-2.108055000000000345e-02 5.643950000000000876e-03 -1.775814000000000212e-02
-2.108055000000000345e-02 -5.643950000000000876e-03 -1.775814000000000212e-02
-2.108055000000000345e-02 5.643950000000000876e-03 1.775814000000000212e-02
3.895850000000000007e-02 9.114119999999999860e-03 1.772340000000000287e-03
3.895850000000000007e-02 -9.114119999999999860e-03 -1.772340000000000287e-03
3.895850000000000007e-02 9.114119999999999860e-03 -1.772340000000000287e-03
3.895850000000000007e-02 -9.114119999999999860e-03 1.772340000000000287e-03
1.597050000000000206e-02 2.957999999999999692e-03 8.207700000000000716e-04
1.597050000000000206e-02 -2.957999999999999692e-03 -8.207700000000000716e-04
1.597050000000000206e-02 2.957999999999999692e-03 -8.207700000000000716e-04
1.597050000000000206e-02 -2.957999999999999692e-03 8.207700000000000716e-04
