0.003138 0.000000 0.008381
0.003138 0.000000 -0.008381
-0.005566 -0.001926 0.006620
-0.005566 0.001926 -0.006620
-0.005566 -0.001926 -0.006620
-0.005566 0.001926 0.006620
0.008454 0.000000 0.013373
0.008454 0.000000 -0.013373
-0.006114 -0.006502 -0.000585
-0.006114 0.006502 0.000585
-0.006114 -0.006502 0.000585
-0.006114 0.006502 -0.000585
0.008706 0.000000 0.060761
0.008706 0.000000 -0.060761
-0.004110 -0.009720 0.042634
-0.004110 0.009720 -0.042634
-0.004110 -0.009720 -0.042634
-0.004110 0.009720 0.042634
0.013946 0.000000 0.036593
0.013946 0.000000 -0.036593
-0.000178 -0.010205 0.054071
-0.000178 0.010205 -0.054071
-0.000178 -0.010205 -0.054071
-0.000178 0.010205 0.054071
0.021625 0.000000 -0.019461
0.021625 0.000000 0.019461
0.026346 0.000000 -0.021591
0.026346 0.000000 0.021591
0.030963 0.000000 0.000843
0.030963 0.000000 -0.003219
0.021582 0.000000 -0.002153
0.021582 0.000000 0.002153
0.006744 -0.007660 -0.006051
0.006744 0.007660 0.006051
0.006744 -0.007660 0.006051
0.006744 0.007660 -0.006051
0.006944 -0.009469 -0.011169
0.006944 0.009469 0.011169
0.006944 -0.009469 0.011169
0.006944 0.009469 -0.011169
-0.027786 -0.027722 -0.013732
-0.027786 0.027722 0.013732
-0.027786 -0.027722 0.013732
-0.027786 0.027722 -0.013732
-0.021758 -0.031921 -0.025556
-0.021758 0.031921 0.025556
-0.021758 -0.031921 0.025556
-0.021758 0.031921 -0.025556
-0.003839 0.000345 -0.005978
-0.003839 -0.000345 0.005978
-0.003839 0.000345 0.005978
-0.003839 -0.000345 -0.005978
-0.006973 -0.002380 -0.009863
-0.006973 0.002380 0.009863
-0.006973 -0.002380 0.009863
-0.006973 0.002380 -0.009863
0.002854 0.008417 0.002177
0.002854 -0.008417 -0.002177
0.002854 0.008417 -0.002177
0.002854 -0.008417 0.002177
0.001078 -0.002198 -0.008688
0.001078 0.002198 0.008688
0.001078 -0.002198 0.008688
0.001078 0.002198 -0.008688
0.002323 -0.004085 -0.003724
0.002323 0.004085 0.002140
0.002323 -0.004085 0.002140
0.002323 0.004085 -0.003724
0.004695 0.002285 -0.013766
0.004695 -0.002285 0.013766
0.004695 0.002285 0.013766
0.004695 -0.002285 -0.013766
-0.011131 -0.002619 -0.001626
-0.011131 0.002619 0.001626
-0.011131 -0.002619 0.001626
-0.011131 0.002619 -0.001626
-0.004563 -0.000850 -0.000753
-0.004563 0.000850 0.000753
-0.004563 -0.000850 0.000753
-0.004563 0.000850 -0.000753
