0.007061 0.007061 0.313212
-0.007061 -0.007061 0.313211
0.007504 0.002976 -0.222527
-0.007504 -0.002976 -0.222527
-0.002976 -0.007504 -0.222527
0.002976 0.007504 -0.222527
0.005164 -0.000455 -0.005139
-0.000455 0.005164 -0.005139
-0.005427 -0.005427 -0.000600
-0.005164 0.000455 -0.005139
0.000455 -0.005164 -0.005139
0.005427 0.005427 -0.000601
-0.179828 0.003309 -0.012068
0.003309 -0.179828 -0.012068
0.193034 0.193034 -0.004688
0.179828 -0.003309 -0.012067
-0.003309 0.179828 -0.012067
-0.193034 -0.193034 -0.004688
-0.178253 0.006372 0.023604
0.006372 -0.178253 0.023604
0.189480 0.189480 0.019816
0.178253 -0.006372 0.023603
-0.006372 0.178253 0.023603
-0.189480 -0.189480 0.019816
0.019718 0.019718 -0.294354
-0.019718 -0.019718 -0.294354
0.020943 -0.000006 0.250819
-0.020943 0.000006 0.250819
0.000006 -0.020943 0.250819
-0.000006 0.020943 0.250819
