2.118300000000000044e-02 2.118300000000000044e-02 9.396359999999999157e-01
-2.118300000000000044e-02 -2.118300000000000044e-02 9.396330000000000515e-01
2.251200000000000076e-02 8.928000000000000172e-03 -6.675809999999999800e-01
-2.251200000000000076e-02 -8.928000000000000172e-03 -6.675809999999999800e-01
-8.928000000000000172e-03 -2.251200000000000076e-02 -6.675809999999999800e-01
8.928000000000000172e-03 2.251200000000000076e-02 -6.675809999999999800e-01
1.549200000000000056e-02 -1.364999999999999894e-03 -1.541700000000000015e-02
-1.364999999999999894e-03 1.549200000000000056e-02 -1.541700000000000015e-02
-1.628100000000000033e-02 -1.628100000000000033e-02 -1.799999999999999951e-03
-1.549200000000000056e-02 1.364999999999999894e-03 -1.541700000000000015e-02
1.364999999999999894e-03 -1.549200000000000056e-02 -1.541700000000000015e-02
1.628100000000000033e-02 1.628100000000000033e-02 -1.802999999999999915e-03
3.596559999999999757e-01 -6.617999999999999751e-03 2.413600000000000120e-02
-6.617999999999999751e-03 3.596559999999999757e-01 2.413600000000000120e-02
-3.860680000000000223e-01 -3.860680000000000223e-01 9.376000000000000653e-03
-3.596559999999999757e-01 6.617999999999999751e-03 2.413399999999999920e-02
6.617999999999999751e-03 -3.596559999999999757e-01 2.413399999999999920e-02
3.860680000000000223e-01 3.860680000000000223e-01 9.376000000000000653e-03
3.565059999999999896e-01 -1.274400000000000012e-02 -4.720799999999999996e-02
-1.274400000000000012e-02 3.565059999999999896e-01 -4.720799999999999996e-02
-3.789600000000000191e-01 -3.789600000000000191e-01 -3.963200000000000056e-02
-3.565059999999999896e-01 1.274400000000000012e-02 -4.720599999999999796e-02
1.274400000000000012e-02 -3.565059999999999896e-01 -4.720599999999999796e-02
3.789600000000000191e-01 3.789600000000000191e-01 -3.963200000000000056e-02
-3.943599999999999883e-02 -3.943599999999999883e-02 5.887080000000000091e-01
3.943599999999999883e-02 3.943599999999999883e-02 5.887080000000000091e-01
-4.188599999999999962e-02 1.200000000000000030e-05 -5.016380000000000283e-01
4.188599999999999962e-02 -1.200000000000000030e-05 -5.016380000000000283e-01
-1.200000000000000030e-05 4.188599999999999962e-02 -5.016380000000000283e-01
1.200000000000000030e-05 -4.188599999999999962e-02 -5.016380000000000283e-01
